8.613038025582036017e-01
1.046684481059948935e+00
1.049543969185600334e+00
1.054840596026518140e+00
1.051241998525637600e+00
1.038977015613787636e+00
1.164505573258471705e+00
1.131800055503845215e+00
1.142704514383748648e+00
1.161755482101882730e+00
1.148124007795183754e+00
1.253996569907325220e+00
1.246757230025868468e+00
1.240819914635944876e+00
1.264561721191354460e+00
1.271133106451797445e+00
1.354445672750139940e+00
1.351495240829552191e+00
1.345998228320648638e+00
1.357943608341972475e+00
1.352039437889573037e+00
1.450158640549432221e+00
1.471183760240383442e+00
1.455626533478708629e+00
1.449560527119672093e+00
1.446251307476879244e+00
1.563483301125917047e+00
1.566970934156845185e+00
1.546949051069746339e+00
1.535436863215831949e+00
1.546343854953565966e+00
1.654960012368793754e+00
1.648706468490809485e+00
1.643527155681665297e+00
1.658793947635640587e+00
1.647006648536640805e+00
1.756322496603639260e+00
1.759685269175616185e+00
1.751976754601580089e+00
1.753507977593652845e+00
1.754330655457293497e+00
1.847936823694917408e+00
1.849620675554788818e+00
1.872247430577773208e+00
1.856192345676033195e+00
1.853580578531558443e+00
1.959739687188283952e+00
1.956272645262785437e+00
1.949627011649802899e+00
1.960801607343504172e+00
1.945823116253010410e+00
2.058483120598850746e+00
2.054313136614536628e+00
2.048066145211786093e+00
2.052245099329586875e+00
2.055534458131222486e+00
2.147446672153212166e+00
2.149276577116736142e+00
2.145066603655011228e+00
2.153122300627327235e+00
2.151112372204070589e+00
2.244163511706612102e+00
2.248523063644074060e+00
2.244277871980389083e+00
2.245515887307338865e+00
2.255581981502330802e+00
2.346454903256399493e+00
2.345692504822488367e+00
2.354875278064262556e+00
2.347471681821209355e+00
2.349217215521296698e+00
2.446044331010456929e+00
2.448294290212797986e+00
2.444274832747280968e+00
2.451896387693591528e+00
2.452851158468599913e+00
2.548441701300637074e+00
2.548857723918542373e+00
2.550965693743695084e+00
2.547629117968772228e+00
2.552043865138863943e+00
2.645674764454871486e+00
2.652342709788981345e+00
2.647129689575688172e+00
2.644992332649633404e+00
2.642602485592883355e+00
2.748562470104847222e+00
2.746163097356954630e+00
2.752697999824714081e+00
2.753517105461819714e+00
2.749858749970075511e+00
2.853914321543598920e+00
2.856667177035149052e+00
2.847537557222461047e+00
2.848159825858689320e+00
2.854832505311423407e+00
2.951153764222282483e+00
2.951439672447692342e+00
2.946765258824169731e+00
2.950359784006264974e+00
2.946192889380647717e+00
3.056394166417436331e+00
3.050049991077611544e+00
3.059960360228350496e+00
3.050532547322249322e+00
3.050691377530915460e+00
3.147254733298332496e+00
3.153591733344026871e+00
3.147953524372382184e+00
3.152941023275462662e+00
3.150966198435039889e+00
3.248927793885586723e+00
3.248043816622499858e+00
3.249709490270674461e+00
3.251620319918126611e+00
3.249996785896170692e+00
3.351261821444082578e+00
3.348914907004102659e+00
3.349455643033779850e+00
3.348202485975608322e+00
3.348793758999077497e+00
3.451305152997113268e+00
3.451710278630534923e+00
3.449055177290503593e+00
3.456824233442069794e+00
3.448929567072336333e+00
3.546800988721192205e+00
3.552958460770083704e+00
3.552729352339265567e+00
3.549168697387889093e+00
3.546850239319722320e+00
3.640563549717331870e+00
3.650321024781941759e+00
3.639071262187957956e+00
3.651612990679963477e+00
3.649574643870832080e+00
3.753310818254521397e+00
3.751285394412283036e+00
3.753761326012952981e+00
3.753699292397892684e+00
3.749244332028685900e+00
3.851543711924422020e+00
3.851060759079785623e+00
3.848429878212462629e+00
3.859079657912349859e+00
3.849170517669330494e+00
3.947993328273075697e+00
3.949668211502898707e+00
3.949808151028442627e+00
3.951247961611756399e+00
3.955814935786151842e+00
4.057009636690047216e+00
4.052000523646513308e+00
4.050180437613105866e+00
4.062574662893681854e+00
4.048773204685431892e+00
4.150787554282007186e+00
4.156195881846167062e+00
4.150767623699842090e+00
4.158316721256338333e+00
4.150274789994389479e+00
4.252961952723595118e+00
4.250871953635025235e+00
4.252051869679107199e+00
4.257973618038883856e+00
4.252323390299893369e+00
4.361016908456488039e+00
4.352836042785976467e+00
4.350106735356058074e+00
4.353036771987597753e+00
4.354950077284035714e+00
4.451470904575382193e+00
4.448683596442642774e+00
4.453996985309632173e+00
4.455181473967681605e+00
4.446683748017307813e+00
4.549749678927567764e+00
4.554451387194085044e+00
4.554103344318989777e+00
4.564283553262241000e+00
4.552307354067106182e+00
4.694900942451859294e+00
4.712842806068885615e+00
4.693858447227399644e+00
4.697776660539863869e+00
4.715447561788600694e+00
4.897286682931452084e+00
4.914614689391647140e+00
4.912684425126847110e+00
4.927397313873804308e+00
4.904374060553400305e+00
5.112125502547266720e+00
5.089264660576618304e+00
5.110347237067501602e+00
5.112176221193640124e+00
5.133558800538672529e+00
5.303463325484622182e+00
5.316868571310741309e+00
5.310491258767878975e+00
5.318599743951526015e+00
5.319032660494467102e+00
5.508680057893084125e+00
5.496946566003991563e+00
5.502048673534098988e+00
5.510657109251601682e+00
5.514758100581342859e+00
5.699195373168760348e+00
5.706979955445299346e+00
5.711886139964575726e+00
5.703117901403871315e+00
5.704907630647894301e+00
5.873798437305604914e+00
5.897588120618076246e+00
5.897815270324318959e+00
5.897907189089820257e+00
5.899292066928328637e+00
6.098349566552927037e+00
6.134338258339537830e+00
6.090640138622190669e+00
6.097414346465481749e+00
6.088587690743764824e+00
6.285330521475414045e+00
6.314392603878566490e+00
6.305851021420358471e+00
6.297525216549964888e+00
6.282330208265752169e+00
6.470599007657248158e+00
6.492693295406105847e+00
6.486324279681083382e+00
6.492297301215065986e+00
6.496233342042970094e+00
6.984811560139358555e+00
6.815632572912146969e+00
6.922214484306809190e+00
7.001233459402897985e+00
6.838932506589005200e+00
7.541462750266891391e+00
7.431640362505818054e+00
7.531506963312999403e+00
7.509998332244069985e+00
7.494722770131430956e+00
8.116703634600437312e+00
8.114898259294808014e+00
8.093357287127291855e+00
8.103355784060122247e+00
8.076055183088492129e+00
8.637450286289347190e+00
8.548276373916497306e+00
8.831047106882252251e+00
8.664454211955053609e+00
8.650797644369838224e+00
9.153950267233058824e+00
9.254774165479728865e+00
9.266981338468553986e+00
9.260314196275075460e+00
9.092501619376060162e+00
1.071832258743468635e+01
